FITTING	Rotation + Tanslation Freed on dota -37.dat	1	5	
0.01	8.68815178061765	5.54610135952014	3.14205042109751	8.68824356722984	5.54610243833636	3.14214112889348		Conc	0.001		0	
0.0112331096967432	8.68782712065331	5.5460974065312	3.14172971412211	8.68794209793806	5.54609876780983	3.14184333012823		Spin	3.5		0	
0.0126182753459067	8.68742392766968	5.54609241855241	3.14133150911727	8.68756770530512	5.54609413624905	3.14147356905607		Dist tr	3.72E-8		4.45E-10	
0.0141742471144281	8.68692501676572	5.54608612460171	3.140838892164	8.6871044319692	5.54608829203512	3.14101613993408		Dif	4.72E-5		4.82E-6	
0.0159220872705117	8.68631031584331	5.54607818275056	3.14023213309275	8.68653363961188	5.54608091767211	3.14045272193977		Prop tr	1		0	
0.0178854552910777	8.68555676190756	5.54606816155047	3.13948860035709	8.68583391266873	5.54607161254089	3.13976230012785		Dist rot	3.05E-8		4.74E-10	
0.0200909281260873	8.68463835108752	5.54605551659811	3.13858283448942	8.68498110478115	5.54605987113866	3.13892123364248		Tau R	5.05E-11		9.91E-13	
0.0225683599549723	8.68352638099789	5.54603956096662	3.13748682003128	8.68394856385152	5.54604505562322	3.1379035082283		Tau M	1.04E-9		8.37E-10	
0.0253512863049791	8.68218990218331	5.54601942789867	3.13617047428464	8.68270755124793	5.54602636117171	3.13668119007622		Tau S0	7.57E-9		8.76E-9	
0.0284773780017375	8.68059635970087	5.54599402373722	3.13460233596365	8.68122783756735	5.54600277227483	3.13522506529252		Tau V	5.25E-12		7.51E-12	
0.031988951096914	8.67871236237351	5.54596196854136	3.13275039383215	8.67947841695252	5.54597300759589	3.13350540935663		A/h	0		0	
0.035933539675539	8.6765044778659	5.54592152116816	3.13058295669774	8.6774282453895	5.54593545040604	3.13149279498346		Q	1		0	
0.0403645392967605	8.67393993072109	5.54587048476193	3.12806944595916	8.67504688890075	5.54588806082683	3.12915882807392		Prop rot	1		0	
0.0453419297779014	8.67098708760127	5.54580608753458	3.12518100006669	8.6723049741462	5.54582826512946	3.12647670901674		Delta w	0		0	
0.0509330871057195	8.66761564859786	5.54572483238937	3.12189081620849	8.66917436609405	5.5457528161037	3.12342154999035		g Landé	2		0	
0.0572136954652326	8.66379651395471	5.5456223072648	3.1181742066899	8.66562804429628	5.5456576169538	3.11997042734248	
0.0642687717317019	8.65950134467549	5.54549294596917	3.11400839870633	8.66163969492214	5.54553749922272	3.11610219569942	
0.0721938162937159	8.65470186867099	5.54532972663019	3.1093721420408	8.65718306651808	5.54538594278921	3.11179712372887	
0.081096105785384	8.64936899497007	5.54512379156493	3.10424520340513	8.65223114755462	5.54519472290011	3.1070364246545	
0.0910961452265913	8.6434717892851	5.5448639682169	3.0986078210682	8.64675521524803	5.54495346533928	3.10180174990875	
0.102329299228075	8.63697634209313	5.54453616560932	3.09244017648382	8.64072378459674	5.54464908600764	3.09607469858911	
0.114947624341983	8.6298445331576	5.5441226142813	3.0857219188763	8.63410146128271	5.54426508517037	3.08983637611234	
0.129121927361353	8.62203266959321	5.54360090961698	3.07843175997623	8.62684767718284	5.54378065914577	3.08306701803707	
0.145044077430499	8.61348995065558	5.54294280850567	3.07054714214992	8.61891526502549	5.54316958295131	3.07574568207417	
0.162929603263972	8.604156691487	5.54211271699642	3.06204397449058	8.6102488092752	5.54239880602463	3.06785000325058	
0.183020610631106	8.59396221877827	5.54106579160977	3.0528964271685	8.60078269243739	5.54142668920866	3.05935600322873	
0.205589059598414	8.58282233197544	5.53974555881271	3.04307677316273	8.59043873802762	5.540200794331	3.05023794369662	
0.230940445891927	8.5706362026629	5.53808093547073	3.03255526719217	8.5791233319581	5.53865511756547	3.04046821439264	
0.259417936211881	8.55728256093901	5.53598250763624	3.02130005330277	8.56672388198519	5.53670663412877	3.03001724785641	
0.29140701347708	8.54261499047053	5.53333789592662	3.00927709454391	8.55310444967784	5.53425099483923	3.01885345483861	
0.327340694878838	8.52645612386941	5.53000600372848	2.99645012014093	8.53810036147983	5.53115718533684	3.006943176143	
0.367705393378215	8.50859049878162	5.52580991140165	2.98278058737997	8.52151157642963	5.52726092806479	2.99425064836485	
0.413047501990161	8.4887558063071	5.52052814928555	2.96822765702155	8.50309456140194	5.52235657891381	2.98073798248813	
0.463980789982125	8.46663224387322	5.51388406140754	2.95274818246569	8.48255240665156	5.51618725102556	2.966365155626	
0.52119471110508	8.44182968603065	5.5055329718798	2.93629671415085	8.45952291571592	5.50843289833666	2.95109001737926	
0.585463736320577	8.41387242756837	5.49504690572773	2.91882552184064	8.4335644417705	5.49869612836939	2.93486831340111	
0.65765783735542	8.38218136298101	5.48189672438458	2.90028463859643	8.40413934437859	5.4864856145269	2.91765372985169	
0.738754262993636	8.34605368807981	5.4654317566696	2.88062193141021	8.37059514654883	5.47119718298952	2.89939796355931	
0.829850767514422	8.30464060505892	5.44485740032392	2.85978320473499	8.33214383935159	5.45209301542105	2.88005082393054	
0.932180470341607	8.25692416368438	5.41921181913285	2.83771234455153	8.28784038626134	5.42828001224276	2.85956037401858	
1.0471285480509	8.20169537761685	5.38734386541986	2.814351512197	8.23656241396136	5.39868929424398	2.83787311971738	
1.17625098468472	8.13753721639462	5.34789581739949	2.78964139899514	8.17699443360048	5.36206017576111	2.81493425783937	
1.32129563418657	8.06281805110898	5.2992964963097	2.76352155479927	8.10762177290152	5.31693377700711	2.79068799589441	
1.48422588006457	7.97570356629426	5.23977276038636	2.7359308059079	8.02674166029728	5.26166370155718	2.76507795874011	
1.66724721255106	7.87419772832109	5.16738994789381	2.70680778042728	7.93250129610104	5.19445359618013	2.73804769992091	
1.87283708301755	7.75622536710976	5.08013380512114	2.67609156198862	7.82297457197363	5.11343323355083	2.7095413384228	
2.10377843976647	7.61976890480611	4.97604640914095	2.64372249566516	7.6962890786137	5.01678473396051	2.67950434465319	
2.36319739915401	7.46306772226013	4.8534245494903	2.60964317276983	7.55081128775069	4.90292678521324	2.64788450253746	
2.65460556197554	7.2848783184511	4.71107869485364	2.57379962359746	7.38538819732927	4.77075511992629	2.61463307740298	
2.98194754792559	7.08477544500811	4.54863269644165	2.53614274856646	7.19962704000674	4.61992081869	2.57970622131674	
3.34965439157827	6.86345037347241	4.36682035566585	2.49663001780656	6.9941723474891	4.45110569947223	2.54306664801687	
3.76270352267765	6.62293897139188	4.16771150549875	2.45522746589313	6.77091786044378	4.26623225298462	2.50468560745916	
4.22668614265602	6.36670113793272	3.95478913732293	2.41191200060979	6.53308044510625	4.06853526133248	2.46454518377377	
4.74788290941597	6.09948737979982	3.73281334941113	2.36667403038869	6.28507639342535	3.86243546537795	2.4226409280474	
5.3333489548762	5.82697355213865	3.507453159944	2.31952039219464	6.03218249626852	3.65319768011584	2.37898481615268	
5.99100938611353	5.55521095643577	3.28473342852364	2.27047752791213	5.78002571698117	3.4464172284072	2.33360848857396	
6.72976656284317	5.29000015483385	3.07040534335339	2.21959481148046	5.53400208090934	3.24743540076086	2.28656668014847	
7.5596206033892	5.03632386691711	2.86937599460972	2.16694787230739	5.29875045384988	3.0608097744527	2.23794067939718	
8.49180475036313	4.79795320621378	2.68531150696157	2.11264169925221	5.07778724535261	2.8899456772983	2.18784156805431	
9.53893742841544	4.57728321122527	2.52046995226271	2.05681325896256	4.87335387503539	2.73694098941727	2.13641288561812	
10.715193052376	4.37538634497724	2.37575299499843	1.99963334997881	4.68646627530388	2.60263401593751	2.08383225936637	
12.0364938979121	4.19222373432868	2.25091625720832	1.94130747712036	4.51711018728333	2.4867987026704	2.03031148461293	
13.5207256319428	4.02693585684545	2.14486015878154	1.88207569806391	4.36450917654338	2.3884145492014	1.97609462734198	
15.1879794203181	3.87814314985464	2.05593151074097	1.82221163911367	4.22740058442968	2.30594650011767	1.92145408431201	
17.0608238900313	3.74420986224576	1.98218880800747	1.76202105423829	4.10427639457837	2.23759115704971	1.86668523752866	
19.1646106273539	3.62344879575125	1.92160864753628	1.70184014821498	3.99356951167026	2.18146839100508	1.81210112066517	
21.5278173472438	3.51426284904454	1.87222962068437	1.64203322836018	3.89378362062764	2.13575499930023	1.7580286213274	
24.1824333793042	3.41522961170635	1.83224124071184	1.58298837099451	3.80357388574665	2.09876744093806	1.7048064448086	
27.164392688391	3.32513954019924	1.80003007564423	1.52510946455501	3.72178780254203	2.06900493251163	1.6527828700304	
30.5140602914107	3.2429993561199	1.77419555609524	1.46880380002465	3.64747462632205	2.0451644354658	1.60231019085625	
34.2767786546453	3.16801202732641	1.75354607776866	1.41446594955776	3.57987135415523	2.02613733556677	1.55373401858846	
38.5034814678619	3.09954350195067	1.73708351514281	1.36245998680786	3.5183736156557	2.0109953021704	1.5073783134853	
43.2513831035013	3.03708441191504	1.72398190472524	1.3131025071898	3.46249963100006	1.99897065317114	1.46352897782892	
48.5847530937498	2.98021265849986	1.71356413794477	1.26664852055508	3.41185391900677	1.98943479994916	1.42241911905761	
54.5757861091278	2.92856061842631	1.70527905180033	1.22328156662598	3.36609522429003	1.98187701674562	1.38421820754441	
61.3055792149829	2.88178892940613	1.69868025377715	1.18310867562899	3.32491099567533	1.97588480573732	1.349026189938	
68.8652296344286	2.83956747660498	1.69340729242534	1.14616018417963	3.28799911050737	1.97112644954798	1.31687266095938	
77.3570678774951	2.80156325913026	1.68916932179851	1.11239393733175	3.25505645205759	1.96733590535409	1.28772054670349	
86.8960429286316	2.76743420450001	1.68573114374916	1.08170306075085	3.22577331179181	1.96429994584226	1.26147336594955	
97.611278243023	2.73682765859525	1.6829013832432	1.05392627535205	3.19983228798005	1.96184733335178	1.23798495462827	
109.647819614321	2.70938215374455	1.68052250196945	1.0288596517751	3.17691028840854	1.95983976995192	1.21707051845662	
123.168598573638	2.68473109799493	1.67846234413382	1.00626875386112	3.1566823399323	1.95816435834109	1.19851798159121	
138.356637897181	2.66250718675194	1.67660691272137	0.985900274030574	3.13882610018937	1.95672731465471	1.18209878553466	
155.417529077162	2.64234656733414	1.67485408484701	0.967492482487131	3.12302620837237	1.95544868600271	1.16757752236966	
174.582215292054	2.6238920433343	1.67310798762431	0.950784055709985	3.10897786362697	1.95425784046008	1.15472002316689	
196.110117547609	2.60679485113922	1.67127376972216	0.93552108141706	3.0963892517084	1.95308951434913	1.14329973735928	
220.292646305351	2.59071474851191	1.66925251724479	0.921462231267118	3.08498263318851	1.95188021976373	1.13310241342478	
247.457146133387	2.57531831087108	1.66693607504567	0.908382235825417	3.07449405027757	1.9505648331144	1.12392921716317	
277.971326775936	2.56027543340816	1.66420154659732	0.89607388681084	3.06467170408034	1.94907320242039	1.11559850165995	
312.248240622336	2.54525409504923	1.66090525966132	0.88434883538791	3.05527310698658	1.94732662784698	1.1079464791396	
350.751873952578	2.52991346916828	1.65687600666207	0.873037462506202	3.04606113787065	1.94523408903854	1.10082704883211	
394.003427644757	2.5138954865069	1.6519074071354	0.8619880793715	3.03679913564035	1.9426881187567	1.09411101688364	
442.58837236264	2.49681499274118	1.64574930931722	0.851065683423963	3.0272451759616	1.9395602625484	1.0876849134132	
497.164373725259	2.47824872602436	1.63809827002053	0.840150456003831	3.01714570481002	1.93569612942656	1.08144957538346	
558.470194736849	2.4577235039791	1.62858735583184	0.829136148147253	3.00622877102009	1.93091014376567	1.07531862725442	
627.335695984059	2.43470429690076	1.61677583246172	0.817928464439044	2.99419723079109	1.92498027305197	1.06921695773912	
704.693068967171	2.40858332061678	1.60213979705091	0.806443523565878	2.98072251420911	1.9176432520661	1.06307926214301	
791.589454624289	2.37867195039593	1.5840655014956	0.794606448900334	2.96543986858418	1.90859117221155	1.05684869637262	
889.201117857981	2.34419815298557	1.56184802997662	0.782350123008949	2.94794643404982	1.89747076341503	1.0504756706348	
998.849369936543	2.30431320800542	1.53469908216447	0.76961412584095	2.92780403861767	1.88388724104081	1.04391679757685	
